PS C:\Sentence_Transformer> python app.py
Warning: You are sending unauthenticated requests to the HF Hub. Please set a HF_TOKEN to enable higher rate limits and faster downloads.
Loading weights: 100%|████████████████████████████████████████████████████████████████████████████████████████████████████| 103/103 [00:00<00:00, 1139.99it/s]
Enter Sentence 1: i enjoy coding 
Enter Sentence 2: i love programming

Sentence 1 Embedding:
[[-5.62779978e-02 -3.12412791e-02 -3.91225368e-02  1.14217931e-02
   3.99445035e-02 -2.75247674e-02  7.47695267e-02  2.48147547e-02
  -2.96788826e-03  5.61375879e-02 -2.51955409e-02  2.56320741e-03
   5.03263727e-04  1.45297470e-02  4.04926725e-02  2.04653339e-03
  -7.31222853e-02  2.84937257e-03  1.57831423e-02 -7.58981109e-02
  -7.30575919e-02 -1.47192208e-02  2.12192219e-02 -1.90206952e-02
   5.21452054e-02  8.42622519e-02 -9.67074838e-03 -6.83180010e-03
   8.38162526e-02 -6.96090981e-02 -8.33802670e-02  8.07247087e-02
   1.39568329e-01  4.84356582e-02  2.62970328e-02  5.14098182e-02
   7.32226968e-02 -6.58586621e-02 -1.68022104e-02  1.08729899e-02
  -1.12208955e-01  3.16160657e-02  6.70526624e-02 -6.87755691e-03
   1.39924418e-02 -4.24798913e-02 -5.11595001e-03 -6.55538440e-02
   4.01201434e-02 -4.68314067e-03  4.29406203e-02  7.13389236e-05
  -3.26569602e-02 -4.51086164e-02  2.67920028e-02 -3.03153191e-02
   6.07603788e-02 -1.94701832e-02 -9.02950019e-03 -5.55441529e-02
   1.92573722e-02  5.04164957e-02 -3.57946903e-02  4.34159413e-02
   4.63776700e-02 -1.18902074e-02 -2.51592486e-04  4.20919470e-02
  -4.14407589e-02 -5.59665039e-02 -1.07574396e-01  2.46237535e-02
  -4.13543265e-03  1.18421488e-01  1.58205539e-01 -3.24481092e-02
   1.92185808e-02  1.04231322e-02  4.34001312e-02 -1.17163230e-02
   4.88368310e-02 -4.62369062e-02 -2.97559183e-02  6.07721992e-02
  -3.39520397e-04 -6.36380538e-02  8.00271779e-02  1.24409787e-01
   1.63103081e-02 -2.10855566e-02 -3.75922918e-02 -1.09540625e-03
   5.08835874e-02  2.73095500e-02 -6.70933500e-02 -2.67710201e-02
   4.30382565e-02  2.54603904e-02 -4.38801423e-02  1.12751156e-01
  -1.04402211e-02 -3.07200663e-02 -3.42719490e-03  1.29335867e-02
  -4.32398207e-02  4.06229198e-02  1.22465258e-02  1.31434470e-01
   5.13943434e-02 -5.26634343e-02 -4.69195358e-02  5.15480638e-02
  -2.88090240e-02 -3.03171109e-02  9.65623930e-02  9.22952443e-02
  -1.23729208e-03  5.98379634e-02  9.46976393e-02  3.17508504e-02
   1.64698344e-02  3.92593667e-02 -1.15256175e-01 -1.90853085e-02
  -5.96872866e-02 -7.86708593e-02  5.33948094e-03 -6.54005751e-33
   1.91854239e-02 -1.92035921e-02 -9.88780521e-03  2.17774883e-02
   2.28556544e-02  1.94727182e-02  1.62010230e-02  4.61095460e-02
  -8.10716301e-02  4.01457511e-02 -1.02722570e-02  4.09833379e-02
  -3.34679224e-02  1.04771897e-01  3.78418826e-02 -3.02012470e-02
  -3.85011807e-02  3.29195186e-02 -7.28056803e-02 -1.64087452e-02
  -1.66045260e-02 -7.24102333e-02  4.78645042e-02  1.22231029e-01
   5.28921792e-03  2.82493196e-02  1.82697903e-02 -1.03195302e-01
   7.59246796e-02  3.38335000e-02 -4.11948338e-02 -2.92182919e-02
  -7.96621591e-02 -3.40521634e-02 -2.79077757e-02 -3.16201746e-02
  -1.70245543e-02 -3.24991681e-02  1.73675846e-02  2.54378747e-02
   2.71597337e-02  2.08101030e-02 -3.49212103e-02 -1.86315458e-02
   9.74689946e-02 -2.39252509e-03  4.01099771e-02 -2.61468962e-02
  -6.17275350e-02  1.41367307e-02 -3.45388092e-02  5.56701049e-02
   3.90325487e-02  7.28874877e-02  2.84056785e-03 -2.20613088e-02
   1.42334998e-02 -5.45508824e-02  3.85592654e-02  7.17185289e-02
  -3.31038237e-02  4.58114296e-02 -1.69774108e-02 -5.18694259e-02
   2.35495996e-03  8.97015631e-02  1.57998223e-02 -1.15736648e-02
   6.08649924e-02 -1.18172504e-02 -9.08986256e-02  1.68252494e-02
   1.64408702e-02 -3.43314894e-02 -4.96051423e-02 -4.42523218e-04
  -2.24269908e-02 -5.12398370e-02 -5.00786193e-02 -2.40437798e-02
   2.99218437e-03 -1.70441661e-02 -3.94149572e-02 -4.46772538e-02
   7.39299059e-02  1.43604381e-02  1.01575190e-02 -1.47200853e-01
   2.87985406e-03  6.58263341e-02 -1.82278790e-02 -5.24255224e-02
   4.16939296e-02  7.41670653e-03 -1.05683822e-02  6.32210984e-33
   2.20133876e-03 -3.68396686e-05 -6.01975620e-02 -1.07802236e-02
  -1.09147944e-01 -6.01089597e-02  9.74942185e-03 -2.71613579e-02
  -3.76537419e-03  1.04768187e-01  8.56640097e-03 -6.60545826e-02
  -6.54182136e-02  4.53433581e-02  4.84672859e-02 -3.05844843e-02
  -6.44529313e-02  6.73131039e-03 -2.84073409e-02  1.15677370e-02
  -8.72625969e-04  8.31772238e-02 -3.77338305e-02 -3.40238623e-02
   6.06618747e-02  3.24185789e-02 -5.52573986e-02  2.53879856e-02
   5.05907834e-02  1.24923605e-02  2.75719278e-02 -9.75239091e-03
  -4.26945388e-02 -7.59951547e-02  9.90268402e-03 -4.96139824e-02
   3.89706753e-02  1.88796744e-02  1.26054818e-02  1.90139972e-02
   2.72392742e-02  2.44760944e-04  4.04010750e-02  5.90969324e-02
  -1.43732298e-02  2.86056325e-02  1.39713120e-02 -3.10421586e-02
   1.29752047e-02 -1.59399677e-02 -1.77020114e-02  1.43588418e-02
   2.20075026e-02 -1.30840182e-01  1.38051715e-02 -2.38597468e-02
  -3.03612426e-02 -1.81199959e-03  1.44866761e-02  1.96525939e-02
  -4.68465537e-02  3.01120747e-02  3.37584689e-02  8.66324175e-03
   2.77368333e-02 -1.06995761e-01 -8.39731935e-03 -3.74037102e-02
  -6.12359308e-02 -9.72939804e-02  2.06068847e-02  3.22245155e-03
  -9.27460939e-02  2.18748301e-03 -6.69766590e-02 -2.07933672e-02
  -2.16266562e-04  5.83866015e-02 -4.69140895e-02  4.58070338e-02
  -1.63076445e-02 -9.89985559e-03  6.70024054e-03  2.73989476e-02
  -5.93618564e-02  2.11284216e-02  4.99966107e-02  2.20496207e-02
  -3.74798402e-02 -7.89779499e-02 -1.46903656e-02  1.05747528e-01
   2.43496057e-02 -5.35488687e-02  2.16369815e-02 -1.30617206e-08
  -2.81047598e-02 -9.97910555e-03  2.91970279e-02 -6.33749887e-02
   2.99343131e-02  6.27973527e-02 -4.03119698e-02  3.92878093e-02
  -3.04039605e-02 -3.63367908e-02  1.82091877e-01 -2.54184101e-02
   2.65944214e-03  3.27316262e-02  1.49571419e-01 -3.62756266e-03
   2.92400774e-02 -2.75087226e-02 -5.83239645e-03  3.71682793e-02
   5.36556058e-02  2.60508154e-02 -5.54662831e-02  6.82195053e-02
  -1.23988517e-01 -2.10914239e-02  8.24400336e-02  1.81489326e-02
   4.31982502e-02  5.85480127e-03  5.97662339e-03  9.22865346e-02
   1.78708173e-02  3.14012263e-03 -2.08795052e-02 -1.13372065e-01
   2.26817206e-02 -7.15111345e-02  3.23228654e-03 -8.45013633e-02
   3.12739313e-02  5.33321947e-02  2.23522075e-02 -4.73438390e-02
  -3.64335515e-02  6.97421469e-03  1.13288470e-01 -6.58783987e-02
  -5.66630661e-02 -7.16935657e-03 -2.31714398e-02  2.41775289e-02
   1.18919872e-02  5.82182482e-02  1.24146439e-01  3.08567262e-03
  -5.70044443e-02 -2.15867665e-02  1.90379415e-02  1.00283541e-01
   2.99574565e-02  8.39630067e-02  6.77999482e-03 -5.17190620e-02]]

Sentence 2 Embedding:
[[-3.61786596e-02 -1.27736898e-02  3.00630438e-03 -1.69034526e-02
   9.48431715e-03 -6.51517287e-02  9.37663317e-02  7.14235082e-02
   1.85263027e-02  5.35826832e-02 -8.24748352e-02  1.80089474e-02
   3.44095677e-02  1.51711470e-02  3.18937562e-02 -1.89523622e-02
  -8.73143524e-02 -3.99797186e-02 -5.35775581e-03 -7.61753395e-02
  -1.42133221e-01 -6.11383608e-03 -4.14067954e-02 -3.20393965e-02
   5.18483818e-02  9.73950624e-02 -1.16524892e-03 -4.83810864e-02
   1.42009519e-02 -7.73504227e-02 -9.08909142e-02  9.55948830e-02
   8.43655765e-02  6.60044402e-02  1.65076610e-02  5.63961864e-02
   8.12913552e-02 -6.16290383e-02  8.56059231e-03  5.73749142e-03
  -1.09042317e-01  5.53962365e-02  3.23738568e-02 -3.92971076e-02
  -4.51565161e-03 -3.88994142e-02 -3.04347575e-02 -5.73263839e-02
   8.27748999e-02  3.39200646e-02  1.93316385e-03 -1.74610913e-02
  -2.32593069e-04 -4.40390669e-02 -2.35108729e-03  4.77183348e-04
   6.99083656e-02  1.26314545e-02 -8.38909764e-03 -5.11303842e-02
  -4.02324982e-02  3.02443411e-02 -3.93079557e-02  4.71289158e-02
   3.63091975e-02 -1.51160536e-02  3.77195561e-03  4.97646481e-02
   2.42212247e-02 -4.25189286e-02 -9.27963182e-02  3.29706036e-02
  -3.34280692e-02  7.25767612e-02  1.09297588e-01 -3.96093540e-02
   5.36196418e-02 -1.32570080e-02  5.51392622e-02 -4.18386497e-02
   5.76695129e-02 -4.56157289e-02 -5.09196743e-02  3.63069028e-02
   8.57726391e-03 -7.59291798e-02  2.60412786e-02  1.26344010e-01
   4.01282497e-02 -1.85526349e-02  1.73613231e-03 -1.61358360e-02
  -7.57167814e-03  3.46093737e-02 -8.11654031e-02 -8.38609878e-03
   6.15315437e-02 -4.65082973e-02 -4.91731390e-02  1.18625328e-01
  -4.99180891e-02 -3.18705216e-02  2.88334601e-02  1.57427099e-02
  -2.33219583e-02  1.64467953e-02  2.68721636e-02  8.20553303e-02
   6.16824813e-02 -6.28220960e-02 -2.76352223e-02  3.87893151e-03
   5.59704518e-03 -3.45780775e-02  5.39075658e-02  7.78992102e-02
   2.62203086e-02  5.87859601e-02  7.70355090e-02  4.16481160e-02
   1.14816939e-02  8.53122398e-02 -7.43928328e-02  1.14129670e-03
  -4.33679111e-02 -4.91353311e-02 -1.32542104e-02 -6.91168638e-33
  -5.35948649e-02 -4.59980927e-02 -2.06895638e-03  5.12601901e-03
   3.67117599e-02  6.90626726e-03  7.20762163e-02  9.27174538e-02
  -8.74698162e-02  1.88336875e-02  1.77118164e-02  5.21024093e-02
  -3.73568721e-02  8.81790221e-02  3.13292965e-02 -6.25287294e-02
  -5.63812023e-03  2.29485836e-02 -7.41519257e-02 -2.68992223e-02
   1.22725274e-02 -3.34764048e-02  4.10600416e-02  8.56729448e-02
   3.39682400e-02 -2.18820386e-02  3.16166319e-02 -6.55028448e-02
   8.82112607e-02  2.22816747e-02 -3.21117640e-02  7.38678779e-03
  -6.55197725e-02 -1.21246558e-02 -1.18142376e-02 -4.70908731e-02
  -1.89280659e-02 -5.24960756e-02  5.42546213e-02  3.95561121e-02
  -1.03996480e-02  1.56797990e-02  3.46001796e-02 -2.16910262e-02
   1.13236271e-01  1.72323380e-02  2.40443945e-02  8.68404936e-03
  -1.49391182e-02 -1.60604063e-02 -6.73401803e-02  3.83941494e-02
   8.08501840e-02  4.14217003e-02  9.20447800e-03 -1.58375502e-03
   2.78121438e-02 -3.52385864e-02 -1.99493393e-02  4.49308418e-02
  -4.55474593e-02  1.06333688e-01  2.65976358e-02 -4.09247763e-02
  -2.51946487e-02  7.05878511e-02  1.50221940e-02  4.10051085e-02
   6.18683025e-02  3.98039483e-02 -8.49967450e-02  1.58159640e-02
   1.20282052e-02 -6.45469921e-03 -6.76323175e-02 -8.49471241e-03
   3.29913646e-02 -6.33517578e-02 -5.76682948e-02  3.73323099e-03
   1.38951167e-02 -3.17162313e-02  2.80140853e-03 -5.14372922e-02
   9.67734158e-02  3.97477299e-02  8.54420662e-03 -1.17831141e-01
  -7.43374869e-04  1.10068135e-02  1.11943539e-02 -8.89160186e-02
   2.32840795e-02  1.37642920e-02 -3.19175981e-02  5.14548959e-33
  -7.73436856e-03 -2.80032996e-02 -3.62186059e-02  7.25360168e-03
  -6.89461902e-02 -3.54111604e-02  2.43198369e-02 -1.54421255e-02
  -4.56795506e-02  1.14812292e-01  3.89264412e-02 -3.84093933e-02
  -4.48254049e-02  6.73058778e-02  1.15700010e-02 -1.61068067e-02
  -5.63693829e-02  3.52207236e-02 -7.05209002e-02 -2.40606256e-02
  -4.61680517e-02  3.49570364e-02 -8.02235901e-02  1.04805045e-02
   7.82546252e-02 -4.14863937e-02 -6.33995607e-02  2.27969885e-02
   3.00610680e-02  7.03060478e-02  9.54663474e-03  1.57510657e-02
  -4.47727926e-02 -7.14327693e-02  6.17953315e-02 -2.62565799e-02
  -2.84273038e-03 -1.40180206e-02 -1.94964968e-02  1.43415490e-02
   7.21838772e-02 -4.51861322e-02  5.27285151e-02  8.89047459e-02
  -9.33831930e-03  2.35567577e-02 -8.07114784e-03  1.33510428e-02
  -8.22633784e-03 -4.34787162e-02 -4.82130460e-02 -4.03877608e-02
   9.11717787e-02 -1.17364064e-01  3.26477736e-02 -1.69769116e-02
   6.96707070e-02 -8.29464383e-03 -4.79785278e-02 -4.97176498e-02
  -8.06572139e-02  3.65084154e-03  6.68544993e-02  2.41540521e-02
   1.69674791e-02 -6.35284483e-02  3.58512811e-03 -4.52807285e-02
  -9.33589488e-02 -1.04531161e-01  4.06217985e-02  3.23012285e-02
  -5.08607142e-02  2.54682582e-02 -9.90777910e-02  7.38237379e-03
   1.53675640e-03  4.25074585e-02 -8.52896944e-02  5.38906157e-02
   6.82730824e-02 -2.44024601e-02  2.99135968e-02  6.03390709e-02
  -7.26654083e-02  7.08294734e-02  1.39657650e-02  5.38025647e-02
  -6.55379221e-02 -5.55439331e-02 -1.33441295e-02  9.04393718e-02
   1.49370506e-02 -3.51344794e-02 -1.41350692e-02 -1.28360869e-08
  -1.10222278e-02 -6.19324222e-02  3.92517075e-02 -7.74339586e-02
   1.38082551e-02  7.09681585e-02 -1.55244526e-02 -5.60349002e-02
  -7.00667277e-02 -8.98860395e-03  8.02927911e-02  2.46892776e-02
  -2.83325166e-02  4.47498374e-02  1.30181581e-01 -1.16887167e-02
   9.07321349e-02 -4.57297713e-02  1.08780700e-03  1.83791798e-02
   3.33219729e-02  8.90748203e-03 -1.58753525e-02  1.06120981e-01
  -8.33172426e-02 -2.00387146e-02  7.47471303e-02  6.59711584e-02
   9.38923061e-02 -3.00441589e-02  8.20354372e-03  1.06173959e-02
  -2.46281140e-02  1.11715160e-02 -2.10184581e-03 -7.97365457e-02
   5.15281148e-02 -5.92117086e-02 -2.96326657e-03 -5.78960441e-02
  -1.79547705e-02  7.67354220e-02  2.97791399e-02 -6.77085593e-02
  -6.00123033e-02 -2.60929723e-04  4.66672927e-02 -7.83717707e-02
  -3.16189998e-03 -2.65207533e-02 -2.84597557e-02  3.13871428e-02
   1.84442438e-02  2.77850647e-02  1.03388175e-01  2.86514256e-02
  -1.04111917e-01 -3.81661952e-02  1.24935545e-02  6.91117570e-02
   4.43695709e-02  7.05617592e-02  2.80950628e-02 -2.43232083e-02]]

Embedding Dimension: 384

Cosine Similarity: 0.81720924
Similarity Percentage: 81.72 %
